0 0
0.0423303413424123 0
0.0846606826848245 0
0.126991024027237 0
0.169321365369649 0
0.211651706712061 0
0.253982048054474 0
0.296312389396886 0
0.338642730739298 0
0.38097307208171 0
0.423303413424123 0
0.465633754766535 0
0.507964096108947 0
0.55029443745136 0
0.592624778793772 0
0.634955120136184 0
0.677285461478596 0
0.719615802821009 0
0.761946144163421 0
0.804276485505833 0
0.846606826848246 0
0.888937168190658 0
0.93126750953307 0
0.973597850875483 0
1.01592819221789 0
1.05825853356031 0
1.10058887490272 0
1.14291921624513 0
1.18524955758754 0
1.22757989892996 0
1.26991024027237 0
1.31224058161478 0
1.35457092295719 0
1.39690126429961 0
1.43923160564202 0
1.48156194698443 0
1.52389228832684 0
1.56622262966925 0
1.60855297101167 0
1.65088331235408 0
1.69321365369649 0
1.7355439950389 0
1.77787433638132 0
1.82020467772373 0
1.86253501906614 0
1.90486536040855 0
1.94719570175097 0
1.98952604309338 0
2.03185638443579 0
2.0741867257782 0
2.11651706712061 0
2.15884740846303 0
2.20117774980544 0
2.24350809114785 0
2.28583843249026 0
2.32816877383268 0
2.37049911517509 0
2.4128294565175 0
2.45515979785991 0
2.49749013920233 0
2.53982048054474 0
2.58215082188715 0
2.62448116322956 0
2.66681150457197 0
2.70914184591439 0
2.7514721872568 0
2.79380252859921 0
2.83613286994162 0
2.87846321128404 0
2.92079355262645 0
2.96312389396886 0
3.00545423531127 0
3.04778457665369 0
3.0901149179961 0
3.13244525933851 0
3.17477560068092 0
3.21710594202333 0
3.25943628336575 0
3.30176662470816 0
3.34409696605057 0
3.38642730739298 0
3.4287576487354 0
3.47108799007781 0
3.51341833142022 0
3.55574867276263 0
3.59807901410505 0
3.64040935544746 0
3.68273969678987 0
3.72507003813228 0
3.7674003794747 0
3.80973072081711 0
3.85206106215952 0
3.89439140350193 0
3.93672174484434 0
3.97905208618676 0
