0 0 0 0 0 0 0 0 0 0 0 0 0 0 0 0 0 0 0 0 0 0 0 0 0 0 0 0 0 0 0 0 0 0 0 0 0 0 0 0 0 0 0 0 0 0 0 0 0 0 0 0 0 0 0 0 0 0 0 0 0 0 0 0 0 0
0.0423303413424123 0.0423177008162611 0 0 0 0 0 0 0 0 0 0 0 0 0 0 0 0 0 0 0 0 0 0 0 0 0 0 0 0 0 0 0 0 0 0 0 0 0 0 0 0 0 0 0 0 0 0 0 0 0 0 0 0 0 0 0 0 0 0 0 0 0 0 0 0
0.0846606826848245 0.0845595856522832 0.0291892953520914 0 0 0 0 0 0 0 0 0 0 0 0 0 0 0 0 0 0 0 0 0 0 0 0 0 0 0 0 0 0 0 0 0 0 0 0 0 0 0 0 0 0 0 0 0 0 0 0 0 0 0 0 0 0 0 0 0 0 0 0 0 0 0
0.126991024027237 0.126649974358998 0.0764373410476811 0.0201337725518449 0 0 0 0 0 0 0 0 0 0 0 0 0 0 0 0 0 0 0 0 0 0 0 0 0 0 0 0 0 0 0 0 0 0 0 0 0 0 0 0 0 0 0 0 0 0 0 0 0 0 0 0 0 0 0 0 0 0 0 0 0 0
0.169321365369649 0.168513458206327 0.119484069028887 0.0652162270091194 0.0138875842078311 0 0 0 0 0 0 0 0 0 0 0 0 0 0 0 0 0 0 0 0 0 0 0 0 0 0 0 0 0 0 0 0 0 0 0 0 0 0 0 0 0 0 0 0 0 0 0 0 0 0 0 0 0 0 0 0 0 0 0 0 0
0.211651706712061 0.210075034984723 0.158917492311271 0.112326040052327 0.0536007235970399 0.00957917820085478 0 0 0 0 0 0 0 0 0 0 0 0 0 0 0 0 0 0 0 0 0 0 0 0 0 0 0 0 0 0 0 0 0 0 0 0 0 0 0 0 0 0 0 0 0 0 0 0 0 0 0 0 0 0 0 0 0 0 0 0
0.253982048054474 0.251260243378402 0.201500447802225 0.151066330674479 0.103456018820687 0.0429155173366761 0.00660738783869898 0 0 0 0 0 0 0 0 0 0 0 0 0 0 0 0 0 0 0 0 0 0 0 0 0 0 0 0 0 0 0 0 0 0 0 0 0 0 0 0 0 0 0 0 0 0 0 0 0 0 0 0 0 0 0 0 0 0 0
0.296312389396886 0.291995296369511 0.243618279466711 0.191754385106298 0.144392513712678 0.0929665136806767 0.0337013263109735 0.0045575490021776 0 0 0 0 0 0 0 0 0 0 0 0 0 0 0 0 0 0 0 0 0 0 0 0 0 0 0 0 0 0 0 0 0 0 0 0 0 0 0 0 0 0 0 0 0 0 0 0 0 0 0 0 0 0 0 0 0 0
0.338642730739298 0.332207213434224 0.283330982922348 0.235547780223571 0.182525712374335 0.137610308071195 0.081571978019791 0.0260738331386624 0.00314364063595516 0 0 0 0 0 0 0 0 0 0 0 0 0 0 0 0 0 0 0 0 0 0 0 0 0 0 0 0 0 0 0 0 0 0 0 0 0 0 0 0 0 0 0 0 0 0 0 0 0 0 0 0 0 0 0 0 0
0.38097307208171 0.371823951293942 0.32379761939063 0.275727586246047 0.22625060888353 0.174581890631134 0.1298152308902 0.0700543713024193 0.0199353645868755 0.00216837524803501 0 0 0 0 0 0 0 0 0 0 0 0 0 0 0 0 0 0 0 0 0 0 0 0 0 0 0 0 0 0 0 0 0 0 0 0 0 0 0 0 0 0 0 0 0 0 0 0 0 0 0 0 0 0 0 0
0.423303413424123 0.410774532987329 0.364234112244913 0.314936930510699 0.268463717867979 0.216314275894018 0.167716000131874 0.120685528138752 0.0590423980236485 0.0150961382935483 0.0014956707081954 0 0 0 0 0 0 0 0 0 0 0 0 0 0 0 0 0 0 0 0 0 0 0 0 0 0 0 0 0 0 0 0 0 0 0 0 0 0 0 0 0 0 0 0 0 0 0 0 0 0 0 0 0 0 0
0.465633754766535 0.448989175031941 0.402769086130714 0.356094151580726 0.306761558980121 0.260496133538474 0.206698186520165 0.161237375712665 0.110356124322078 0.0489553856239033 0.0113408141998614 0.00103166224083259 0 0 0 0 0 0 0 0 0 0 0 0 0 0 0 0 0 0 0 0 0 0 0 0 0 0 0 0 0 0 0 0 0 0 0 0 0 0 0 0 0 0 0 0 0 0 0 0 0 0 0 0 0 0
0.507964096108947 0.486399412447636 0.440990323123319 0.395418211484433 0.347175026564642 0.299482316729778 0.251431042877615 0.198050389700009 0.154413869883109 0.0992215134904548 0.0400202974146993 0.00846261797556786 0.000711605150336793 0 0 0 0 0 0 0 0 0 0 0 0 0 0 0 0 0 0 0 0 0 0 0 0 0 0 0 0 0 0 0 0 0 0 0 0 0 0 0 0 0 0 0 0 0 0 0 0 0 0 0 0 0
0.55029443745136 0.522938221417759 0.479099112927226 0.432899856857115 0.387968192940164 0.338221174787587 0.292487876573789 0.241584571924984 0.190500796606067 0.146722467752155 0.0877673419549086 0.0323145939864068 0.00627875173517683 0.000490840771275277 0 0 0 0 0 0 0 0 0 0 0 0 0 0 0 0 0 0 0 0 0 0 0 0 0 0 0 0 0 0 0 0 0 0 0 0 0 0 0 0 0 0 0 0 0 0 0 0 0 0 0 0
0.592624778793772 0.558540139368368 0.515579954060813 0.471255843723567 0.425439893491753 0.379728558887543 0.329978617550066 0.284994271685395 0.231626769175863 0.183754989184738 0.137930206327148 0.0764573403548858 0.025812225299378 0.00463541847463629 0.000338565091374174 0 0 0 0 0 0 0 0 0 0 0 0 0 0 0 0 0 0 0 0 0 0 0 0 0 0 0 0 0 0 0 0 0 0 0 0 0 0 0 0 0 0 0 0 0 0 0 0 0 0 0
0.634955120136184 0.593141382250336 0.551120006593842 0.508582810712743 0.462983754307101 0.418450250889998 0.370756502466141 0.322621558163191 0.276543502223395 0.222199458874507 0.177299560869744 0.128068697101804 0.0656719249080662 0.0204232078135304 0.00340742138033262 0.000233530561854889 0 0 0 0 0 0 0 0 0 0 0 0 0 0 0 0 0 0 0 0 0 0 0 0 0 0 0 0 0 0 0 0 0 0 0 0 0 0 0 0 0 0 0 0 0 0 0 0 0 0
0.677285461478596 0.626679958814231 0.586304264067259 0.543797811563545 0.501262596945559 0.454992114520216 0.411230065630926 0.361667615528352 0.315758641299452 0.267158175380157 0.213681564105849 0.170598662794709 0.11735976345979 0.055685102215624 0.0160239414491632 0.00249522055384439 0.000161081353954439 0 0 0 0 0 0 0 0 0 0 0 0 0 0 0 0 0 0 0 0 0 0 0 0 0 0 0 0 0 0 0 0 0 0 0 0 0 0 0 0 0 0 0 0 0 0 0 0 0
0.719615802821009 0.659095781673242 0.620018798084873 0.578992973296619 0.536964980250333 0.4932642093762 0.44770271142758 0.403233714962941 0.353117281927502 0.308753494437415 0.257232791190767 0.206123370163243 0.163228903425831 0.10613115253316 0.0466657202384869 0.0124785481855949 0.00182106331117174 0.00011110838078623 0 0 0 0 0 0 0 0 0 0 0 0 0 0 0 0 0 0 0 0 0 0 0 0 0 0 0 0 0 0 0 0 0 0 0 0 0 0 0 0 0 0 0 0 0 0 0 0
0.761946144163421 0.690330774955146 0.652389088434223 0.613496873814837 0.571513538911197 0.530252838658696 0.484928927193146 0.440904406781624 0.394443899705545 0.345412219024777 0.301067706612611 0.247314470612043 0.199301106219467 0.154944057608643 0.0947435740023953 0.0386918452000565 0.00965274385244441 0.0013250461511359 7.66387417157517e-05 0 0 0 0 0 0 0 0 0 0 0 0 0 0 0 0 0 0 0 0 0 0 0 0 0 0 0 0 0 0 0 0 0 0 0 0 0 0 0 0 0 0 0 0 0 0 0
0.804276485505833 0.72032897835048 0.684103737175656 0.645868625818235 0.60656054611385 0.564438804519315 0.523051418241213 0.476894838736137 0.433997010315166 0.385303991162411 0.338412807928048 0.292464737187949 0.2378953099535 0.192828705842361 0.145683096216594 0.0835375240737198 0.0317704386744369 0.00742203501422638 0.000961523230866045 5.28627695787791e-05 0 0 0 0 0 0 0 0 0 0 0 0 0 0 0 0 0 0 0 0 0 0 0 0 0 0 0 0 0 0 0 0 0 0 0 0 0 0 0 0 0 0 0 0 0 0
0.846606826848246 0.749036647370486 0.714432046554422 0.677500281139185 0.639666786064306 0.599131303433745 0.557884283742331 0.515133045168897 0.469552797567684 0.426438607778442 0.376408435822536 0.331668288413183 0.283044234418448 0.229279327537903 0.186276159910203 0.13554192634263 0.0728005976428568 0.0258574767976849 0.00567588391709314 0.00069602536885242 3.64629212977376e-05 0 0 0 0 0 0 0 0 0 0 0 0 0 0 0 0 0 0 0 0 0 0 0 0 0 0 0 0 0 0 0 0 0 0 0 0 0 0 0 0 0 0 0 0 0
0.888937168190658 0.776402349635211 0.743155157788961 0.70850995433787 0.670909287879675 0.633333008542685 0.591679590766156 0.55141989842148 0.506809586728162 0.462802817632795 0.418052940804642 0.368192854385109 0.324647175279581 0.273153027035271 0.22153660007388 0.179264247133244 0.124727817325986 0.062752100643587 0.0208758783861583 0.00431917970820083 0.000502718476761301 2.51508696982598e-05 0 0 0 0 0 0 0 0 0 0 0 0 0 0 0 0 0 0 0 0 0 0 0 0 0 0 0 0 0 0 0 0 0 0 0 0 0 0 0 0 0 0 0 0
0.93126750953307 0.802377057019256 0.77091396867513 0.737481050748296 0.702168611092944 0.664722443707665 0.626436241683562 0.584705843999911 0.544482678825931 0.498654457317401 0.456172598874069 0.409072881464485 0.360767535357409 0.316942382876928 0.263242261294529 0.214527229278904 0.171523672648129 0.113510664823713 0.0535404098617197 0.0167301118924951 0.00327202807985143 0.000362363253005399 1.73482053567137e-05 0 0 0 0 0 0 0 0 0 0 0 0 0 0 0 0 0 0 0 0 0 0 0 0 0 0 0 0 0 0 0 0 0 0 0 0 0 0 0 0 0 0 0
0.973597850875483 0.826914233490094 0.797314058828039 0.76515571767895 0.731956162265 0.695532451854975 0.658817204829237 0.619031426752395 0.578289595737938 0.53681430321315 0.491107016567477 0.449121307311818 0.399978178992206 0.353920324484145 0.308386465935885 0.253729790813067 0.207966524486783 0.162919187208708 0.102179883547371 0.0452485986696372 0.0133172744974421 0.00246858289416671 0.000260709734978726 1.1966195710502e-05 0 0 0 0 0 0 0 0 0 0 0 0 0 0 0 0 0 0 0 0 0 0 0 0 0 0 0 0 0 0 0 0 0 0 0 0 0 0 0 0 0 0
1.01592819221789 0.849969918481565 0.821949613675165 0.792112190801443 0.759519802151091 0.726141368066337 0.689080221205365 0.652697557052832 0.611590596112858 0.57205506503911 0.528608450415294 0.484232791525116 0.441316938445923 0.391259700492072 0.347238065300931 0.299066720024152 0.244903199572831 0.201503930593874 0.153445997689306 0.0910111989678107 0.0379045961455791 0.0105349420699255 0.0018554115313407 0.000187253263785936 8.25387046312672e-06 0 0 0 0 0 0 0 0 0 0 0 0 0 0 0 0 0 0 0 0 0 0 0 0 0 0 0 0 0 0 0 0 0 0 0 0 0 0 0 0 0
1.05825853356031 0.871502805653202 0.845331782942886 0.817168383233165 0.786541254916843 0.754210075597916 0.719811231630932 0.683105029826995 0.645975514791599 0.60459809587573 0.565469061464071 0.520351199606007 0.477729816098206 0.432762227811871 0.383227337295188 0.340270452780859 0.289264685303371 0.236875287744726 0.194795443995487 0.143208068140563 0.0802443803314924 0.0314931059885578 0.00828631690433739 0.00138971093347027 0.000134282133217514 5.69323611866764e-06 0 0 0 0 0 0 0 0 0 0 0 0 0 0 0 0 0 0 0 0 0 0 0 0 0 0 0 0 0 0 0 0 0 0 0 0 0 0 0 0
1.10058887490272 0.891474316894265 0.867339679044377 0.840525180362725 0.812387311877752 0.780852579131237 0.748950705935994 0.713220515685489 0.677430375395286 0.638691985055137 0.598198785206262 0.558191592636466 0.512524362345046 0.47111438705419 0.423753891710913 0.375922342749931 0.332671790566213 0.279357820722394 0.229586921476582 0.187557948388068 0.132387398774633 0.0700709777469704 0.0259674259263806 0.00648325869997916 0.0010375658260458 9.61556746431163e-05 3.92699856966536e-06 0 0 0 0 0 0 0 0 0 0 0 0 0 0 0 0 0 0 0 0 0 0 0 0 0 0 0 0 0 0 0 0 0 0 0 0 0 0 0
1.14291921624513 0.909848671439913 0.887499099264334 0.86296916249279 0.835890328638258 0.807241841803478 0.775449538734735 0.743294650067382 0.706851634460616 0.671575466957001 0.631263740063061 0.592127886210345 0.550255416748134 0.505362082113476 0.463955529533613 0.414734046824195 0.369137496257099 0.324284242005516 0.26971851349227 0.222843220890376 0.17960144075557 0.121211460617043 0.0606301401501495 0.0212600635022647 0.00504774890615716 0.000772354304236455 6.87614589112779e-05 2.70870862277934e-06 0 0 0 0 0 0 0 0 0 0 0 0 0 0 0 0 0 0 0 0 0 0 0 0 0 0 0 0 0 0 0 0 0 0 0 0 0 0
1.18524955758754 0.926592949975668 0.906154578936028 0.883655003033347 0.858310652729811 0.831462608106215 0.801698272451436 0.770410981890831 0.737077745237096 0.700985593088773 0.665139771723061 0.624176556407956 0.585902782197509 0.542014839576026 0.498766697191169 0.456046104483191 0.406115902195615 0.362511332409245 0.315154703840874 0.26063476539049 0.216366775093315 0.170840432255932 0.109923641223764 0.0520102965197957 0.0172916090666338 0.003912259004844 0.000573349161368424 4.91099597351395e-05 1.86837409613428e-06 0 0 0 0 0 0 0 0 0 0 0 0 0 0 0 0 0 0 0 0 0 0 0 0 0 0 0 0 0 0 0 0 0 0 0 0 0
1.22757989892996 0.94167715361534 0.923388310347114 0.902378615981314 0.879693780168879 0.853671817103145 0.826896524225672 0.796116090428636 0.76540085094313 0.73056562972677 0.695486000947186 0.658080310630022 0.61767768726399 0.579108909248668 0.533941750481316 0.49238522128451 0.447457511989845 0.398150381642171 0.355649889271643 0.305497751315969 0.252264141104693 0.209853601776715 0.161288816331103 0.0987594067925901 0.0442546106199561 0.0139777142279122 0.00301939991826507 0.000424527769567304 3.50336298103942e-05 1.28874022615387e-06 0 0 0 0 0 0 0 0 0 0 0 0 0 0 0 0 0 0 0 0 0 0 0 0 0 0 0 0 0 0 0 0 0 0 0 0
1.26991024027237 0.955074257646739 0.93874529220035 0.919946773942379 0.898775071942371 0.87536140509165 0.849332167470313 0.82186616776148 0.790882134875592 0.759977082429165 0.724227792881054 0.689916883454553 0.650717515814957 0.611651642697899 0.571607291933834 0.526399013938642 0.485778347684308 0.438484415773552 0.390867232603095 0.348235243605143 0.295626889368309 0.244621783877765 0.203021673773112 0.151043619519083 0.0879291846078745 0.0373684632951586 0.0112342655844603 0.00232113952009782 0.000313582489413287 2.49646165993816e-05 8.88928707555666e-07 0 0 0 0 0 0 0 0 0 0 0 0 0 0 0 0 0 0 0 0 0 0 0 0 0 0 0 0 0 0 0 0 0 0 0
1.31224058161478 0.966760259948889 0.952398861415035 0.935877991336378 0.916309933429383 0.895246862272829 0.870776781615696 0.845189626741182 0.816417896800242 0.786047146899469 0.753961729978491 0.718381565844442 0.683849424298696 0.643519455901393 0.605710933892319 0.563577183472464 0.519496194122477 0.478595482297753 0.429523191508692 0.384091382090091 0.34009550350544 0.285877208499286 0.237596182082712 0.195646339681339 0.140262878702129 0.0776077886813279 0.0313276344979601 0.00898097541112385 0.00177779649158178 0.000231112598494253 1.7771286855574e-05 6.13152465547576e-07 0 0 0 0 0 0 0 0 0 0 0 0 0 0 0 0 0 0 0 0 0 0 0 0 0 0 0 0 0 0 0 0 0 0
1.35457092295719 0.976714223993988 0.964562901389949 0.949707363313471 0.93281358616793 0.91278228141646 0.891450876365356 0.866316475309831 0.84085070972291 0.810934493000914 0.781285110580288 0.747569138189966 0.712982191120529 0.677126476148768 0.636831181972774 0.599412214528619 0.555407686675534 0.513070074550382 0.470690229322085 0.420937976304175 0.377513046190583 0.331227956900291 0.276537723491547 0.230983011529241 0.187580853045742 0.129141981919739 0.0679295056151535 0.0260862633644187 0.00714366632098209 0.00135695445942131 0.000169974056872995 1.2638464728847e-05 4.22931493618715e-07 0 0 0 0 0 0 0 0 0 0 0 0 0 0 0 0 0 0 0 0 0 0 0 0 0 0 0 0 0 0 0 0 0
1.39690126429961 0.984918316357091 0.974861666489382 0.962130828045193 0.947153080216419 0.929420936064351 0.909501795199154 0.887214760015379 0.862213754436862 0.836005892231015 0.805803497210019 0.776155942141591 0.741239805457236 0.707671227271598 0.669935421359121 0.630704752393333 0.59246896039749 0.547515535860224 0.506772033668721 0.462148940355932 0.41295774939361 0.370781125815217 0.321780633560585 0.267804440772798 0.224527019895553 0.178763037648642 0.117891608565272 0.0589876291720288 0.0215840135152872 0.00565553296500626 0.00103239042306685 0.000124762605125494 8.97999429791485e-06 2.91723606028097e-07 0 0 0 0 0 0 0 0 0 0 0 0 0 0 0 0 0 0 0 0 0 0 0 0 0 0 0 0 0 0 0 0
1.43923160564202 0.9913578386663 0.983315868233991 0.973004451920938 0.959592686363473 0.944551075557537 0.925919421928364 0.906241041235366 0.882744350934978 0.858322000037291 0.830704593366408 0.801108659602042 0.770426919324034 0.735341567956907 0.702008555597211 0.662683522193019 0.624896642110991 0.584864856888093 0.540177829420839 0.500208987677398 0.453240860052318 0.405627424687759 0.363591476441558 0.312005515109963 0.259758042188115 0.217963495868241 0.169210790680557 0.106719206810075 0.0508371706982596 0.0177521450077512 0.00445764112505592 0.00078307434971023 9.14070515598697e-05 6.37509676057542e-06 2.01220915439224e-07 0 0 0 0 0 0 0 0 0 0 0 0 0 0 0 0 0 0 0 0 0 0 0 0 0 0 0 0 0 0 0
1.48156194698443 0.996021253936222 0.990204684222265 0.981739561462393 0.970908081284063 0.957204926918976 0.94161505231019 0.922633583742568 0.90263645857266 0.878434268201259 0.854240969545581 0.825312425053982 0.796576573635689 0.764220611852889 0.729948599694531 0.695723257280314 0.655775865426934 0.619003151839757 0.576838067497609 0.533441168198161 0.493078859614787 0.444320882448425 0.398815048577926 0.355750301491633 0.302199133931366 0.252364455287536 0.211053366554402 0.159009823288845 0.095814922022616 0.0434995786943385 0.0145183937583567 0.00349888761649478 0.000592270315575462 6.68520620312369e-05 4.52217389137021e-06 1.38795270501008e-07 0 0 0 0 0 0 0 0 0 0 0 0 0 0 0 0 0 0 0 0 0 0 0 0 0 0 0 0 0 0
1.52389228832684 0.998900207237523 0.995266619363478 0.988842439000131 0.980242694064428 0.96855738351232 0.954971277765254 0.938325561238709 0.919628056783469 0.89855266956508 0.874511135921212 0.849649103564065 0.820229200259201 0.791778030064043 0.757920834977087 0.724816119359924 0.688844872681338 0.649421974807387 0.612648641960473 0.568766505080815 0.527125815589819 0.485257556862151 0.435722398465681 0.39226191550106 0.347203731974869 0.292644694028826 0.245493064219906 0.203608616346683 0.148297018427767 0.0853421127282367 0.0369684949911328 0.0118106927252076 0.00273560282875314 0.000446751463095265 4.8812637222241e-05 3.20535822853333e-06 9.57362065041722e-08 0 0 0 0 0 0 0 0 0 0 0 0 0 0 0 0 0 0 0 0 0 0 0 0 0 0 0 0 0
1.56622262966925 0.999989540665534 0.998403699732188 0.994444686880891 0.987448989748915 0.978598736920017 0.966217088878754 0.952602285951846 0.934979473203978 0.916625125085889 0.894215350489066 0.870841919371226 0.844550025681587 0.81560655813694 0.786412104731424 0.75193174685037 0.719533049591689 0.681668376651869 0.643555807766689 0.605637915322414 0.561015802128088 0.520905867434013 0.476819850649358 0.427671490584072 0.385654967231428 0.338034308273449 0.283565882925275 0.238945822861285 0.195507023864555 0.137242317966843 0.0754320676922711 0.0312157999831436 0.00955984940352481 0.00213093733398433 0.00033612929019354 3.55853441086711e-05 2.27034724623257e-06 6.60355443144794e-08 0 0 0 0 0 0 0 0 0 0 0 0 0 0 0 0 0 0 0 0 0 0 0 0 0 0 0 0
1.60855297101167 0.999287302581105 0.99990384768968 0.997952334330861 0.993376076664017 0.986204255301935 0.976612312141835 0.964114423265822 0.949826301672637 0.931900286826952 0.913254867914415 0.890021680018511 0.86704188660664 0.839261964790649 0.811257339281501 0.780483232281045 0.746450984370104 0.713743788394665 0.674597254689839 0.637884984548216 0.598018134289695 0.553811613257614 0.514425472456107 0.468000361474578 0.420240662389589 0.378700568654085 0.328431765466117 0.275097822654234 0.232490628361595 0.18669692857238 0.126031364773902 0.0661822384861134 0.0261974180880997 0.00770133448950964 0.00165413795243402 0.000252290673167312 2.59040394798856e-05 1.60698047890101e-06 4.55490484962921e-08 0 0 0 0 0 0 0 0 0 0 0 0 0 0 0 0 0 0 0 0 0 0 0 0 0 0 0
1.65088331235408 0.996794751107142 0.999632637193373 0.999649523382741 0.997512832964645 0.992140456859267 0.985003113941963 0.974391719590742 0.962163836428302 0.946679228372216 0.929129899999597 0.909376223470447 0.886222783962945 0.862762378561008 0.8341922806998 0.806787364110262 0.774282894424969 0.741377566323965 0.707317772941076 0.667956132848073 0.632027110727883 0.590042291663694 0.547175854597277 0.507408679367783 0.45911642751889 0.413346065303799 0.371183420058557 0.318648764843778 0.267276290903223 0.225893438604653 0.177193812385367 0.114850392356335 0.0576571787415896 0.0218585460095749 0.00617634884883036 0.00127978834908685 0.000188932173503116 1.88301797744758e-05 1.13670165557614e-06 3.14181679042002e-08 0 0 0 0 0 0 0 0 0 0 0 0 0 0 0 0 0 0 0 0 0 0 0 0 0 0
1.69321365369649 0.992516351874567 0.997415597940082 0.999861249319989 0.999417724504882 0.996859244980467 0.990997634483493 0.983554017500486 0.972254994302248 0.960033996817896 0.943484448500871 0.926385727286768 0.905191946797221 0.88273830211864 0.85793092410619 0.829573999511164 0.801838306124184 0.768215033786564 0.736381259582657 0.700394983029334 0.66185900660212 0.625664860277456 0.582064001016431 0.540936692458435 0.499731705427632 0.450480041104045 0.406780818711853 0.3630013397263 0.308952451060248 0.26004308950052 0.218945240032281 0.167070981572786 0.103874185849269 0.0498913832842295 0.018138121157725 0.00493233004672566 0.000987064891244991 0.000141179534094926 1.36698207000864e-05 8.03551719263821e-07 2.16711722207956e-08 0 0 0 0 0 0 0 0 0 0 0 0 0 0 0 0 0 0 0 0 0 0 0 0 0
1.7355439950389 0.986459770021736 0.993506153414975 0.998080120833347 0.999863792988206 0.999299646901923 0.99590094133243 0.990056988732553 0.981710206006499 0.970403079693133 0.957460196415559 0.94057059998255 0.923292098621733 0.901090701332153 0.879221212295583 0.852789138844554 0.825332668248775 0.7962868355478 0.762580492845879 0.731075137883519 0.693306216380686 0.656178532913473 0.618658317682229 0.574411125608743 0.534796661944343 0.491443900483375 0.442322859125869 0.400270428822172 0.354173680343971 0.299580852916368 0.253263471196086 0.211481673796733 0.156446688706652 0.0932573934129333 0.042893301403799 0.0149724642179015 0.00392304325269475 0.000759039713314976 0.000105280046832984 9.91108101139218e-06 5.67708638996706e-07 1.49480296513597e-08 0 0 0 0 0 0 0 0 0 0 0 0 0 0 0 0 0 0 0 0 0 0 0 0
1.77787433638132 0.978635856461652 0.987891321339705 0.994374342590334 0.998690417155043 0.999784867129843 0.999117600835175 0.994833593778369 0.989123474466033 0.979643873643605 0.968713637263893 0.954487219427737 0.937996606059132 0.919672039449246 0.897364386594721 0.875297684241146 0.847730743027524 0.821143977715414 0.790297891792896 0.757434899848185 0.725195730113665 0.686421450631941 0.650612596962078 0.611081055565599 0.567283069144968 0.528428998674695 0.482740584461297 0.434749886264708 0.39353460642111 0.34482673431268 0.290710192513757 0.246750772729942 0.203394628689979 0.14546978790098 0.0831290673400572 0.0366499213431772 0.012298111493256 0.00310837982642678 0.00058204898360109 7.83561075350011e-05 7.17720792264524e-06 4.00860689468204e-07 1.03106370149887e-08 0 0 0 0 0 0 0 0 0 0 0 0 0 0 0 0 0 0 0 0 0 0 0
1.82020467772373 0.969058628441576 0.980364152952987 0.989173879012165 0.995294875423106 0.999054916034081 0.99983955688566 0.998626515612929 0.993936684155832 0.98788406905226 0.97769348544981 0.966842074626362 0.951436115592838 0.935505981593377 0.915673760266741 0.894012353942789 0.87080490944959 0.843063186940115 0.81662409829695 0.784224952929553 0.75257754978742 0.718709817138918 0.679999094215498 0.644808138403843 0.603179619621039 0.560700001482574 0.521570273446132 0.473902794382132 0.427727399911827 0.386341901279511 0.33516294744638 0.282435990533656 0.240293582454772 0.194636260318221 0.134305602168967 0.073590054315445 0.0311314600680766 0.0100539047735329 0.00245396406165987 0.000445134407348455 5.82093739997133e-05 5.19147673277025e-06 2.82897352069361e-07 7.1119229847918e-09 0 0 0 0 0 0 0 0 0 0 0 0 0 0 0 0 0 0 0 0 0 0
1.86253501906614 0.957745244429865 0.971115468586991 0.982118822147724 0.990270827538208 0.996272636463654 0.999183580477119 1.00002126709298 0.99780989253198 0.993270036033056 0.986217517734618 0.976055359032271 0.964514067253555 0.948648398033474 0.932721425005847 0.911660619660347 0.890751486761835 0.865880908227757 0.838839262549578 0.811533531956769 0.778427862491509 0.747657655432047 0.711813405830619 0.674094811595815 0.638489111018115 0.595281643330356 0.554510915257348 0.514084891161879 0.465224098898918 0.421101879498842 0.378547943067306 0.325422066279086 0.274768069327757 0.233681569949824 0.185216653310456 0.123123206302457 0.0647127143393417 0.0262958249667639 0.00818243535278202 0.00193064676173061 0.000339559204488203 4.31662464961998e-05 3.75102608265659e-06 1.99545594825438e-07 4.90556000255678e-09 0 0 0 0 0 0 0 0 0 0 0 0 0 0 0 0 0 0 0 0 0
1.90486536040855 0.944715973375021 0.96023419824478 0.973097003330539 0.98376364804473 0.991358384525425 0.997097542383932 0.999312880984709 1.00007699410891 0.996922855277297 0.992596626962699 0.9843173648498 0.974609212005693 0.961748529214445 0.94622794868757 0.929413503818097 0.907965595049361 0.887201102029832 0.860872270106013 0.834841512522667 0.805889096881596 0.77310559359994 0.742334858948234 0.704838886201738 0.668555164773417 0.631544064401469 0.587689322023072 0.548448974804846 0.505989302558385 0.456943605400146 0.414640777640641 0.370113159765134 0.315841887144142 0.267637500987583 0.226727212684395 0.17519673407785 0.112084868397471 0.0565424013606702 0.0220926312869865 0.00663095047763618 0.00151394486441277 0.000258395426031522 3.19567297979401e-05 2.70741241976061e-06 1.40683438613601e-07 3.38368666113858e-09 0 0 0 0 0 0 0 0 0 0 0 0 0 0 0 0 0 0 0 0
1.94719570175097 0.929994158392048 0.94752131061562 0.962560348582059 0.975137571848631 0.985164218239125 0.992580894898049 0.997603489428576 0.999641420176631 0.999767207486752 0.996249069362249 0.991593770959061 0.98252984996851 0.973013954371365 0.958842009222356 0.943970383853457 0.925651100028273 0.904683206129877 0.883110879096201 0.856134233792343 0.830707778710846 0.799941870379852 0.768217474008123 0.736419130095799 0.698119497537057 0.663085976466727 0.624050579950448 0.580592478707635 0.542211692628314 0.497436330826561 0.449199028469118 0.408083415145878 0.361100434694471 0.306624649989984 0.26091232985612 0.219281819159893 0.164678133441862 0.101337995058276 0.0491001584801596 0.0184666555456202 0.00535183025618746 0.00118346981981855 0.000196176888662782 2.36200115069926e-05 1.95219808789329e-06 9.91380717954882e-08 2.33395074462442e-09 0 0 0 0 0 0 0 0 0 0 0 0 0 0 0 0 0 0 0
1.98952604309338 0.913606174941152 0.933092207300818 0.950325618678492 0.964752195399494 0.977169784549698 0.986412891856571 0.993835379393112 0.997886915430794 1.00009810519134 0.999117137691446 0.99582926075396 0.990138731384325 0.981067796599113 0.970973454392969 0.956149187598931 0.941509684824655 0.921748393030595 0.901621775117058 0.878496222989614 0.851843489232297 0.826117015057291 0.794049082596456 0.763515008563358 0.729936681732821 0.691867532413838 0.657361208187937 0.616238140077492 0.574023324178449 0.535541128661868 0.488669575585328 0.442006562372357 0.401190703436171 0.351656535609106 0.297912938865727 0.254418454064787 0.211245293753114 0.15379157489967 0.0910096123717034 0.0423861422486548 0.0153606795688763 0.00430273522950611 0.00092237397102495 0.000148610699948228 1.74312485024152e-05 1.40629740203683e-06 6.98301775543885e-08 1.60987899408508e-09 0 0 0 0 0 0 0 0 0 0 0 0 0 0 0 0 0 0
2.03185638443579 0.89558138357372 0.917109323466484 0.936154830713694 0.952981088382968 0.966985702407555 0.978989087881323 0.987742102890193 0.994863003084891 0.998227162548083 1.0003939791906 0.998407483492341 0.995415925345911 0.988415727567532 0.97984236017401 0.968455435213974 0.953835435616688 0.938561590532183 0.918064109405526 0.898425283545468 0.873618101773454 0.847918039796794 0.820938694001858 0.788511066097433 0.758656250948078 0.723106602638044 0.686107833944438 0.651130751351604 0.608409588959581 0.567859236036482 0.52828396633087 0.479962875623034 0.435267382396811 0.393784901860874 0.341983032980005 0.289776727556848 0.247962215676453 0.202569915412755 0.142685107625983 0.0812031920545512 0.0363833741493358 0.0127177335314725 0.00344651274329288 0.000716833618352065 0.000112339914819268 1.2845067993238e-05 1.01211953787716e-06 4.9165335671775e-08 1.11043919052947e-09 0 0 0 0 0 0 0 0 0 0 0 0 0 0 0 0 0
2.0741867257782 0.875952077330248 0.899414142926868 0.92045328067674 0.939263708574337 0.955421241603287 0.969323290090872 0.980523049692405 0.989247820120358 0.995530333985787 0.998806008607201 1.000292448703 0.997928097486366 0.994678540213131 0.986770570661711 0.978531619081182 0.965710186267575 0.951771703454383 0.935098714580619 0.914789389855488 0.894776836242202 0.868836658533831 0.844070267692832 0.815281761429517 0.783447720008988 0.753346119435175 0.716248949277792 0.680681762582978 0.644293203490801 0.600849922296032 0.561865790386675 0.520420001386614 0.471560287063899 0.428795308761283 0.385774160669919 0.332302903016803 0.282211302159465 0.241351822416369 0.193258972830984 0.131513184070997 0.0719974930477666 0.031061507823773 0.0104827820893683 0.00275093638719429 0.000555579433156749 8.47500027027703e-05 9.45215727797409e-06 7.27786883774344e-07 3.46015513044755e-08 7.65942782280051e-10 0 0 0 0 0 0 0 0 0 0 0 0 0 0 0 0
2.11651706712061 0.854753423884441 0.88004771004671 0.903214443195588 0.923716453078575 0.942301025094667 0.957793546318004 0.971596834040435 0.981948052531565 0.990759491073068 0.995983885552964 0.999521270437293 0.999829684917935 0.99772814020216 0.99347048112324 0.985446964916606 0.976814434227343 0.963095648094647 0.949625100284484 0.931358198676952 0.911846899372239 0.890564915103058 0.864427524425711 0.839951751300426 0.809434167213309 0.778760332806264 0.747445394610445 0.709666219369327 0.675310713221726 0.636916376449403 0.593749648000775 0.55576325631631 0.512057131131101 0.46362901854725 0.422357162006653 0.377160249558783 0.322828388432918 0.275144399549861 0.234415509913128 0.183361420846648 0.120427254329124 0.0634470199311969 0.0263803876701753 0.00860391877770031 0.00218833875662855 0.000429479028367198 6.38122896309723e-05 6.94604381547169e-06 5.22889437850766e-07 2.43422042221939e-08 5.28321001933638e-10 0 0 0 0 0 0 0 0 0 0 0 0 0 0 0
2.15884740846303 0.832023402537153 0.859213764232549 0.884137571205487 0.906846614854156 0.92704801823845 0.945098627343612 0.960289499697593 0.973586197663455 0.983514428471292 0.99199812127066 0.996522859382982 1.00006896533816 0.999290526619923 0.99757283278941 0.991942233496785 0.984410358022261 0.974590818996602 0.960843126013586 0.947068664743072 0.927695604881082 0.908944079236527 0.885930907827899 0.860454307657115 0.835312838318048 0.803732334821799 0.7741830314374 0.741012205407759 0.703542376422521 0.669690998875422 0.629206723840719 0.587161235693032 0.549296910609036 0.503398867755552 0.456232794702347 0.415716622516543 0.368030948458852 0.313734365061931 0.268450079357363 0.227015188574232 0.172963833320163 0.109568250262585 0.0555836848432401 0.0222932517811453 0.0070331436633209 0.00173518468719704 0.000331172386983742 4.79582112397503e-05 5.09776767395241e-06 3.75373211814841e-07 1.71182223808678e-08 3.64417666099382e-10 0 0 0 0 0 0 0 0 0 0 0 0 0 0
2.20117774980544 0.807802736173041 0.836816426883655 0.863533031606794 0.888247092575505 0.910311467422041 0.930431160261706 0.947675628974072 0.962900889940798 0.975272973207268 0.985281606134299 0.992849421507155 0.997325323498888 1.00020504714813 0.99897619677394 0.997126067123059 0.990428330138041 0.983376484329064 0.972042687898131 0.958917409952618 0.943973023327873 0.924383706616011 0.905735102750316 0.8811880257414 0.856750085002962 0.830105388851984 0.798422666433508 0.769392886985646 0.734269923041076 0.697890476620343 0.663586928542027 0.621443237623607 0.580995307728627 0.542294073320624 0.494695300426032 0.449327719534702 0.408673530472593 0.358540703724453 0.305139829095454 0.261966552800729 0.219055085180172 0.162180877057094 0.099061083155536 0.0484192831387281 0.0187494965990816 0.00572680090865301 0.00137162050315991 0.000254758120961004 3.5978961186321e-05 3.73663761038405e-06 2.69263901875885e-07 1.20336711331908e-08 2.51362779218082e-10 0 0 0 0 0 0 0 0 0 0 0 0 0
2.24350809114785 0.782134818301843 0.812834638582932 0.841547206163739 0.867819907892739 0.892233541805736 0.913780462412618 0.933668978157875 0.950247558318488 0.965401291142705 0.976881498952172 0.987043288065553 0.993480692707597 0.998285614547209 0.999951023669887 0.998966187846747 0.996202050159545 0.989208607314554 0.982006547416096 0.969511396527091 0.957046528670042 0.940472205379776 0.921470733658554 0.901997022273502 0.876665187661523 0.853003385545002 0.824492210295831 0.793570699350921 0.764130791239159 0.727521837682857 0.692559272217142 0.656894917216366 0.613898515352477 0.575052062690532 0.534696805696342 0.486189952213814 0.44277807403868 0.401092855297904 0.348884224590834 0.297098503650994 0.255515318610747 0.210485513473619 0.151145372718493 0.0890110884798935 0.0419484405588848 0.0156969712278195 0.00464574907462236 0.00108102496589972 0.00019552685210484 2.6945873288604e-05 2.73565620365148e-06 1.9300446419169e-07 8.45637543964781e-09 1.73381404509097e-10 0 0 0 0 0 0 0 0 0 0 0 0
2.28583843249026 0.755065635314987 0.787482111681366 0.817878445126495 0.84611040213595 0.872178255894143 0.895985853897648 0.917379247554426 0.936611415982659 0.952995737800389 0.967571991874127 0.978668202241338 0.988510031395784 0.994200653994891 0.999097802704379 0.999579007308107 0.999058540865572 0.994896833427773 0.988319414718784 0.980126271296028 0.967285472916909 0.954886540589095 0.936880629879921 0.918765286776656 0.897732221328083 0.872556451348319 0.848899187450523 0.818770470420404 0.789046698325536 0.758288820655667 0.721047545594987 0.687289202922061 0.649664215281325 0.606769330697207 0.569075619920126 0.52656652372019 0.478073607928669 0.436386319039293 0.392920328706126 0.339267813052627 0.28959819197606 0.248919372298635 0.201302358155232 0.139998790465435 0.079502220125767 0.0361517495417828 0.0130838066487931 0.00375532980374603 0.000849579538705111 0.000149737097664129 2.01475902581892e-05 2.0005140956954e-06 1.38242991323167e-07 5.94049483369232e-09 1.19592532844595e-10 0 0 0 0 0 0 0 0 0 0 0
2.32816877383268 0.726643684096824 0.760736159635135 0.792716771624363 0.82290817234749 0.850563923259258 0.87652601021258 0.899598778080444 0.921010926949633 0.939343041480596 0.955862070273822 0.969427887375912 0.980676010499824 0.989568382429179 0.995198615292796 0.999500908514196 0.999403428700725 0.9989187849462 0.993517810654453 0.987535353439206 0.97782920117682 0.965433374850833 0.952215043397582 0.933521006702722 0.915941759814495 0.893156930448332 0.86884237869074 0.844249558586241 0.813249314933657 0.784583778975081 0.751938226008104 0.715016409844881 0.681794921451335 0.642074189605626 0.600132946808098 0.562815662166089 0.518063429312332 0.470452895667616 0.429930117817261 0.384184386221427 0.329882611087703 0.282567503081454 0.242018829430947 0.191543131482562 0.128882789906941 0.0705967182451046 0.0309988756086892 0.0108598106552544 0.00302519161421909 0.000665869193216513 0.000114428682550882 1.50407224661175e-05 1.46130248525332e-06 9.895026412939e-08 4.17175256113448e-09 8.24908181628853e-11 0 0 0 0 0 0 0 0 0 0
2.37049911517509 0.696919885138077 0.732533516708056 0.766320961695012 0.797956938482117 0.827781359445536 0.855073213542706 0.880672870704954 0.903285936106279 0.924439740943734 0.942115124765624 0.95858890687507 0.971217073408806 0.982685999471951 0.990383460763937 0.99638799752303 0.9994812641581 0.999549620658913 0.998315119657967 0.992375958740884 0.986517684725205 0.975412873349399 0.963772503666949 0.949045670316505 0.930560666449524 0.912702259626945 0.888593629990735 0.865309026243793 0.839062332653528 0.808133458375184 0.779879287064998 0.745295975664458 0.709442672899536 0.675847416389545 0.634379721083186 0.59393642891187 0.556081693064482 0.509408362601285 0.463337292973799 0.423199294671787 0.374986193017196 0.320882887686683 0.275887980587445 0.234682924172746 0.181280580709115 0.117932184922289 0.0623359405188225 0.0264514753318077 0.00897747508491032 0.00242901608457865 0.00052052008492783 8.72687121316439e-05 1.1211275358148e-05 1.06628880543032e-06 7.07782396759425e-08 2.92871448750828e-09 5.6899330746884e-11 0 0 0 0 0 0 0 0 0
2.4128294565175 0.665947491307192 0.703071233051171 0.738441142958123 0.771756155681796 0.803251918064462 0.832453197596392 0.859686914996871 0.88455439748805 0.907137145161058 0.92753935570124 0.945097352943138 0.960958532090065 0.97320218975968 0.984400585086569 0.991266992475224 0.99747262058615 0.999281790052639 0.999867315974015 0.997272357046664 0.991587287152296 0.985022962137859 0.973201027395322 0.961978077095092 0.945611778186507 0.927936399960125 0.908913266023257 0.884325346149259 0.861645743084724 0.833528055939808 0.803454724851756 0.774699545096837 0.738647947034048 0.704190505506813 0.669333093426968 0.626842692828272 0.588017193389836 0.548779248356711 0.500836896781322 0.456644274411216 0.416026914926789 0.365480932290656 0.312371240470021 0.269409447538319 0.226817926514298 0.170614819143511 0.107269513140053 0.0547420458643217 0.0224658213420022 0.00739264995508229 0.00194418451937506 0.000405876800324071 6.64253906528592e-05 8.34462136930152e-06 7.77253424224871e-07 5.05943289279192e-08 2.05543083554706e-09 3.92472024347061e-11 0 0 0 0 0 0 0 0
2.45515979785991 0.633781992443015 0.672399216481074 0.709143926781299 0.744300516532979 0.777139821285799 0.808476024926751 0.837068811787678 0.864246927330006 0.888330489820123 0.911001746073532 0.930435392217418 0.948204748808575 0.962997394014289 0.975429653041492 0.985690204595929 0.992431450969533 0.998169932191693 0.999225723170577 1.00003730302996 0.996050409621958 0.99100653246621 0.983042710001908 0.971362778806245 0.959759932009675 0.942240904733315 0.925394504005863 0.904657957391502 0.880478150051413 0.857573717537717 0.827939378116657 0.799070295994827 0.768952815547654 0.732257708685879 0.699021492674427 0.662276879584045 0.619668202921791 0.582146133693259 0.540922934897708 0.492555347589525 0.450219213882756 0.408310618426663 0.355854172172159 0.304391371737714 0.262966467955763 0.218371010260995 0.159664859052463 0.0970012275116699 0.0478202422969412 0.0189950751414654 0.00606494133510026 0.00155141476004103 0.000315719301571211 5.04653617782859e-05 6.20221442398512e-06 5.66003945018271e-07 3.61437315560351e-08 1.44211719756105e-09 2.70713711168766e-11 0 0 0 0 0 0 0
2.49749013920233 0.60048101593974 0.640435604302279 0.678751279641733 0.71524649384862 0.74999093702927 0.7826065376672 0.813474916932242 0.841804940851808 0.868549674185134 0.892230944285122 0.914625461768179 0.93339773233786 0.951164485021236 0.964960751834145 0.977685920979011 0.986698608421501 0.993828115568412 0.998415681931664 0.999492427100932 0.999784461036241 0.994976024893841 0.990321148546839 0.980800650686116 0.969827307906587 0.957009364178404 0.939192453079444 0.922615525747225 0.900190266732338 0.876977320691476 0.852951879560847 0.822579944641688 0.794720663466376 0.762710735874125 0.72628992021799 0.693666236865125 0.654827779409396 0.612960107080806 0.576081019406435 0.532626710130871 0.484706414027412 0.443864759664297 0.400022486604398 0.346297091995301 0.296928070295957 0.256394130047774 0.209330471070065 0.14856027512877 0.087215406817907 0.0415613479402937 0.0159911844981067 0.00495788794853673 0.00123439041314568 0.000245017954252943 3.82707086793956e-05 4.60359844346333e-06 4.11775412861454e-07 2.58049179402883e-08 1.01151980989662e-09 1.86729012180393e-11 0 0 0 0 0 0
2.53982048054474 0.566104223502228 0.607341526257795 0.647102940991273 0.684984849493117 0.721373650365736 0.755531877165366 0.788130151815462 0.818269475421585 0.846655786918337 0.872572584773674 0.896317029912831 0.917897144193849 0.936592871360186 0.953753044274365 0.967120895100353 0.979666812839902 0.987732955571778 0.99518399691762 0.998406284337169 1.00000038351958 0.999051437589719 0.994243448627344 0.989236400082539 0.978622341477275 0.968329707770635 0.953845700330881 0.936539115944646 0.919359063979487 0.895820492661833 0.873586787750433 0.847822735468582 0.817625538165164 0.790121284100181 0.756177479097926 0.72076885660291 0.687897907606963 0.647215034680236 0.606703742077902 0.569617588476633 0.524076217916248 0.477349177271157 0.437373763524304 0.391207688535717 0.336983808115237 0.289913274314008 0.249541785052393 0.199722933499705 0.137433552314354 0.0779808014265735 0.0359444587388409 0.0134064092226719 0.00403896701693919 0.000979398516133471 0.000189723930661041 2.89722328431476e-05 3.41255334709851e-06 2.99295264586589e-07 1.84127703374658e-08 7.09297545550854e-10 1.28799253792242e-11 0 0 0 0 0
2.58215082188715 0.530713204256679 0.573229431389325 0.614158183550259 0.653693310820549 0.691217790382637 0.727381215294138 0.761089286794992 0.793524842498109 0.823058514031223 0.85141581103323 0.876515717030412 0.900407004968938 0.920962085160675 0.939929523299223 0.955988928032619 0.969545022450276 0.981213519783167 0.989035462808635 0.996197073296398 0.998462200901649 1.00046501505637 0.998028444250562 0.993804626680228 0.987639082894053 0.976758985840236 0.966552031030718 0.950549983856573 0.934141973151388 0.915563716624442 0.891786583679573 0.870007695248959 0.842387912539901 0.813090051449269 0.785054657224456 0.749621876287826 0.715579639211963 0.681588312489359 0.63968900789315 0.600776348812079 0.562628187338063 0.515490635025247 0.470454935123642 0.430560287876275 0.381973678536187 0.328053189224012 0.283236633279418 0.242283849204485 0.189608307880899 0.126413494600215 0.0693469853554919 0.0309395626799198 0.0111944980692328 0.00327947387320756 0.000774986541322523 0.00014659167425561 2.18961011766575e-05 2.52646092910572e-06 2.17345863087355e-07 1.31308042298307e-08 4.97240656017991e-10 8.88412977915393e-12 0 0 0 0
2.62448116322956 0.494371364408158 0.53802235085482 0.580252151565534 0.621014896474879 0.660123121687817 0.697536935043019 0.733170684119974 0.766778589626433 0.798649818430426 0.828012200950474 0.855880740957378 0.880615664322433 0.904236198048069 0.924100140844855 0.94313026356038 0.958121232477729 0.9720408630586 0.982431454014072 0.990610436679869 0.99674308348257 0.998816457381108 1.00058065849222 0.997033517281069 0.99340388752958 0.985652574290689 0.975261106223735 0.964280832079785 0.947427921357638 0.931720934345344 0.91136469998499 0.888163806936806 0.865992806130973 0.836929625045101 0.808829372282343 0.779434045327954 0.743296487028597 0.710506938998009 0.674734359118801 0.632462433317266 0.594979583969584 0.555081878321413 0.507082228120189 0.463917470551471 0.423284421904515 0.372472684423264 0.319596578524977 0.276758809928924 0.234527231251411 0.179073281237411 0.115619908481442 0.0613453692117669 0.0265099843419208 0.00931155157196082 0.00265431324353707 0.000611645573997737 0.000113029856894376 1.65213904082935e-05 1.86816662483905e-06 1.57698640746914e-07 9.35894771658097e-09 3.48491836772569e-10 6.12796732969922e-12 0 0 0
2.66681150457197 0.45714381364265 0.501834985252918 0.545334194919068 0.587195251316742 0.627859705938938 0.666464827642475 0.703854724188401 0.738834436863657 0.772510606904555 0.803578189652988 0.833084303842869 0.860055656009801 0.884919143645556 0.907695617960999 0.927485529644071 0.945958470147934 0.960433996111169 0.974301953845326 0.983612307927772 0.992224019151706 0.996954642944891 0.999469291377373 1.00020551012233 0.996325696578367 0.992725074696067 0.98356404322505 0.973960937463239 0.961504288347817 0.944671261063432 0.928980668512684 0.907030302890881 0.884843710683571 0.861433393497556 0.831710789681018 0.804595654950526 0.773322677240775 0.7373679726792 0.705296684942247 0.667451858135818 0.625665295735714 0.589084678769227 0.547044463855204 0.499020939013404 0.457574255607375 0.415468249251109 0.362880623773773 0.311651899621393 0.270325817393029 0.226215341047354 0.168224075423836 0.105159636227684 0.0539908339028819 0.0226145828429268 0.00771661216038369 0.00214173343374433 0.000481523371651153 8.69772525297861e-05 1.24464554297602e-05 1.37976887427842e-06 1.14325173121049e-07 6.66705144685327e-09 2.44179901827929e-10 4.22686121514957e-12 0 0
2.70914184591439 0.419097248477187 0.464825445275655 0.509286296459525 0.552550231387066 0.594175833132337 0.634554499701575 0.672876302272911 0.709991145200979 0.74457208153453 0.778067131019294 0.808539475017374 0.838041715201406 0.864162539195774 0.889231066836424 0.910932394279228 0.93103842867914 0.948408049484479 0.963028775345256 0.976132279347722 0.985027914123492 0.993564324879014 0.99713122459759 1.0001935225668 0.999440082438155 0.995962195706227 0.991562052576879 0.981672766731925 0.972561980115045 0.95840959998959 0.942278860755663 0.925733857866563 0.902850531811404 0.881583163617129 0.856390749623498 0.826889327411858 0.800119573204926 0.766907653793562 0.731876621980974 0.699722409239013 0.659941889707579 0.61932163622651 0.582879618078317 0.538660886618808 0.491409311003387 0.451233953514897 0.40710199244429 0.353375491309732 0.304203824186074 0.263782909565573 0.217328941626168 0.157179104644941 0.0951239049573845 0.0472837654773436 0.0192096594271268 0.00637202517155954 0.00172302836707185 0.000378168683254905 6.68001061095079e-05 9.36239951099982e-06 1.01789209237372e-06 8.28142066343126e-08 4.74699648284636e-09 1.71049537891367e-10 2.9155435678559e-12 0
2.7514721872568 0.380299832767012 0.426941733858448 0.472412806310363 0.516775145545964 0.559631867304705 0.601225417679622 0.641065361084732 0.679400051872441 0.715884548743572 0.750471114046386 0.783325501928268 0.813695389741563 0.842680096893884 0.868443936762882 0.893278880611596 0.914230903177026 0.934486009618293 0.950709069361824 0.965749807220601 0.977584028714437 0.986746208926794 0.994445100876782 0.997549570037371 1.00067523868385 0.99856317595601 0.995773839972764 0.989921578007225 0.980142153984834 0.970783334808818 0.955291308169616 0.940065455402157 0.921971985123123 0.899025572067756 0.878098503819353 0.851067210561749 0.822472885060489 0.795192573705548 0.760440889923965 0.726732596073126 0.69363926406684 0.652440596789571 0.613350662783804 0.576208882579482 0.530125298418358 0.48427052863599 0.444705377191009 0.398240850926371 0.344117799248679 0.29718908529062 0.256986868158949 0.207884319364215 0.146062035900337 0.0855868785142539 0.0412123011841012 0.016250557538717 0.0052436135686177 0.00138222675310526 0.000296306542418825 5.1207831363282e-05 7.03222880427144e-06 7.5009786610036e-07 5.99415601615435e-08 3.378230069343e-09 1.19793095082718e-10 0
2.79380252859921 0.340821075583889 0.388250425092934 0.434774550101292 0.479961536524925 0.524216609278028 0.566686757850136 0.60821614838413 0.647532758380664 0.685887887998188 0.721680300632118 0.75639780609654 0.788393614277365 0.81897601105727 0.847016086145349 0.872947061318174 0.896942668888957 0.917782802541614 0.937573838384604 0.953155590328943 0.968297061080837 0.978918767031725 0.988589902249129 0.994920240184574 0.998297587874557 1.00069699639548 0.997872926314144 0.995461567891905 0.988012446619361 0.978926593948948 0.96848735317057 0.952419068952619 0.937746045327635 0.917860855151249 0.895595773436596 0.874166967799199 0.845732558704947 0.818323997746063 0.789724852374654 0.754166962448298 0.721745856777077 0.687014089075608 0.645165477013741 0.607589129545265 0.5689991141263 0.521645466280582 0.477549810353137 0.437823622974896 0.388994181164928 0.335234967303181 0.29050565185945 0.249815898349593 0.197929368104293 0.134995618216305 0.076605248300671 0.0357546310256472 0.0136929584668704 0.00430070628030006 0.00110578274593448 0.000231643116724618 3.91841796521373e-05 5.27453340275224e-06 5.52166778820692e-07 4.33532935178489e-08 2.40159930357092e-09 0
2.83613286994162 0.300731706684317 0.348934723583938 0.396213981660616 0.442505125488487 0.487570171908069 0.531499195464516 0.573840635733119 0.615002268774333 0.654123553170917 0.692148053202257 0.727592777036932 0.76211691621483 0.793518319109943 0.824133450906584 0.851280291981125 0.87747789716158 0.900355963858564 0.921535188068229 0.940257682605402 0.955892515054419 0.970435654120568 0.980430336496288 0.990254039169498 0.995245388243106 0.999227840852191 1.00025668697101 0.997526682135543 0.994753778198279 0.98613633249492 0.977800677505275 0.965735085298027 0.949924932213215 0.935054570860417 0.91366987754494 0.892434500589729 0.869699827129652 0.840634197585157 0.814208912038185 0.783764974775704 0.748258634247856 0.716678626763368 0.679927152501104 0.638270183203637 0.601828077436133 0.561267654756927 0.513408152720025 0.471127283040787 0.430470175780774 0.379509362841731 0.326810786521996 0.284024325632063 0.242176707946899 0.1875382252446 0.124096513859737 0.0682186727078699 0.0308812340265458 0.0114938900786133 0.00351605591027981 0.00088227831074853 0.000180697981177902 2.99313511123048e-05 3.95075611161678e-06 4.06043337710178e-07 3.12739358219523e-08 0
2.87846321128404 0.260103549790799 0.308981844993086 0.35697184597754 0.40420299460691 0.450140145017905 0.495216572700117 0.538651332612529 0.58106441680992 0.621602694190464 0.660836364831743 0.698152760326176 0.733686262008489 0.767518284386959 0.798858507950207 0.828958772354319 0.85572342189744 0.881757322025472 0.903801970073852 0.925230011711835 0.942734956459459 0.958815172137551 0.972152834822083 0.982254646753571 0.991497286511243 0.995721389082135 1.00004772145011 0.999562206053417 0.997463745773067 0.993540440588656 0.984541219363869 0.976468232269371 0.962752055130197 0.947754924311891 0.931846974945846 0.90966787018952 0.889300219673941 0.864765615951917 0.83592104388951 0.809871115350772 0.777479661284245 0.742776064436988 0.711305186139575 0.672548270464043 0.631816367307417 0.595855189198186 0.553114443921742 0.505550958606626 0.464839028409109 0.422585108935896 0.369952957679051 0.318880334684447 0.27760134878667 0.234008667738648 0.176805077097484 0.113471246687938 0.0604508678988083 0.0265569615209953 0.00961247559384034 0.00286567676231015 0.000702144138401317 0.000140661286289677 2.28248457709952e-05 2.95525135311737e-06 2.97077637176203e-07 0
2.92079355262645 0.219009393913152 0.268416251585887 0.317206280025476 0.365008308235487 0.41211642117677 0.45780158394044 0.50275731270382 0.54583338754973 0.588181962327123 0.628202205971268 0.667482964750795 0.704081985866708 0.739799492496819 0.772728283789454 0.804336460258163 0.833464900806282 0.860407031238376 0.885643438173428 0.907496323439754 0.928594668727398 0.945302971374835 0.961643354530798 0.973662626906189 0.984287570340155 0.992285451911957 0.996519708748411 1.00048517603552 0.998914998062078 0.997443356282355 0.991920645686239 0.983308900732555 0.974695620232097 0.959827026438522 0.945698444929502 0.928150718655839 0.906026391135441 0.885924166312643 0.859560824777592 0.831603089606712 0.805105851710395 0.771103320241591 0.737657561652155 0.705464079250186 0.665095339322721 0.625766411255123 0.589494174826472 0.544700601370377 0.49814426984095 0.458502307497429 0.414170837822616 0.360491657949947 0.311430082245073 0.271090772670364 0.225285211669993 0.16583768507087 0.103213284967908 0.0533111605539132 0.0227429092904689 0.00801045469411309 0.00232862915774953 0.000557403265838473 0.000109273098260373 1.73763057261338e-05 2.19148425098482e-06 0
2.96312389396886 0.177522862940431 0.227425190577169 0.276759225477557 0.325334982965033 0.373111195217029 0.419883456681657 0.465566772135943 0.510100553750092 0.553155227684451 0.595057975870972 0.634963398719785 0.673869671334681 0.710157140628979 0.745687144919291 0.778003711564906 0.8096983381515 0.837880191017266 0.865151069334474 0.88924217942769 0.911426280489838 0.931536992394132 0.948153320561258 0.964108846885069 0.975265797201798 0.986253495773936 0.992806294255218 0.997589848204703 1.00043421723034 0.998551983961996 0.997169362294315 0.990148510028358 0.982324485250799 0.972409563601117 0.957191506387609 0.943476784902828 0.924147339527965 0.902764013591143 0.88210084774296 0.854342464678051 0.82755514862471 0.799814618839314 0.764873714231855 0.732740876419719 0.699091537815428 0.657786034130831 0.619996180370632 0.582634354209953 0.536218805455789 0.491184845103651 0.451940988799238 0.405288045840249 0.351275135052166 0.304402445271051 0.26435558731505 0.216012825315881 0.154751090479031 0.0934012006841914 0.0467963311725447 0.0193980454361248 0.0066525113849783 0.00188677119461662 0.000441438887332739 8.47106407617057e-05 1.30482482360548e-05 0
3.00545423531127 0.135718283737086 0.186042140773979 0.235789137235997 0.285110158875512 0.33341347851497 0.38121421189746 0.427583322640365 0.473347482317261 0.517333934258367 0.560536059410783 0.601754653203208 0.641850996293469 0.679992315439249 0.716429487223735 0.751241969998127 0.783508784935688 0.814724991867311 0.842465405679143 0.869672646139431 0.892827739683943 0.915360707630971 0.934207488195263 0.951245174085314 0.966127280028051 0.977162498002933 0.987872515701773 0.993356937272891 0.998693188613166 1.00000522654962 0.998529021249877 0.996434118534713 0.988511121481691 0.98133418014707 0.969721517154226 0.954930007616572 0.940851591710994 0.920100602543283 0.899746833770323 0.877751648393541 0.849346951473376 0.823559346397662 0.794026774759673 0.758971643472539 0.727806776816414 0.692230631473922 0.650793424639491 0.614323160426256 0.575246313258244 0.527861197447167 0.484600606488887 0.445007780920935 0.396045266864768 0.342422342026733 0.297703733522831 0.257276902187151 0.206228089730459 0.143661848945743 0.0840977943164546 0.0408926006022989 0.0164805811119624 0.00550644234212085 0.00152448633672024 0.00034867360277905 6.43350340908782e-05 0
3.04778457665369 0.0936705529796773 0.144261192375823 0.19452522620476 0.244183358929858 0.293369095089257 0.341557483028506 0.389182598694646 0.435368209196986 0.480971639174679 0.524645971202363 0.567771817729647 0.608483812939302 0.648652027979765 0.6860511748977 0.722724314264833 0.75659455843203 0.789172310103712 0.819411977373751 0.84730808120122 0.873800078026471 0.89664181752389 0.919013804510606 0.936894656335962 0.954335311770851 0.967847188260276 0.979334300569292 0.989021823609195 0.994176395922377 0.999535234798779 0.999461923996008 0.998699707907556 0.99521236130147 0.987199188371113 0.980058868847083 0.966875097805129 0.95295333222751 0.937711180469271 0.916260627048066 0.896739771373364 0.872943934313812 0.844720924754578 0.819370563479498 0.787885781339982 0.753479267417249 0.722632470073863 0.685016695189799 0.644214035321644 0.608543062947448 0.5673825052536 0.519790122665349 0.478264626965493 0.437600807521659 0.386584130103826 0.334012200091411 0.291214301611748 0.249760762832815 0.19599330201716 0.132683037383779 0.0753500413326996 0.0355776390327942 0.0139490808042539 0.00454311495358549 0.00122754479956349 0.000267372695489413 0
3.0901149179961 0.0514550029727179 0.102254962684472 0.152843385419945 0.202930716071817 0.25263677514513 0.301512228308046 0.349788953569928 0.396987367963265 0.443278718637817 0.488377556549956 0.532123990593324 0.574741548716869 0.615401732516078 0.655172087519632 0.692273317772146 0.728788815034396 0.762006898091511 0.794742039565668 0.823975011519057 0.852254594341856 0.877598908282668 0.900722290174414 0.922240506248217 0.939833406848847 0.957135265787241 0.969554790619858 0.981560036354388 0.989800499285234 0.995318332929387 0.999919643557195 0.999085595925697 0.998791841698047 0.993666260870505 0.986227655426522 0.978311144731546 0.964144315744909 0.951039416341952 0.934105459497987 0.912779159146403 0.893487205748023 0.867863957150619 0.840483039557753 0.814784609057893 0.78160712814926 0.748365300649847 0.717041762027252 0.677644571848607 0.638053285387651 0.602467361341855 0.55916436886819 0.512115827671333 0.472015302627578 0.429673158402984 0.377062457628949 0.326078994145544 0.28479971580531 0.241742457048991 0.185391194850568 0.12192017598725 0.0671896968994136 0.03082244333703 0.0117626891646454 0.00373108860439405 0.000948279573949982 0
3.13244525933851 0.00914726668405292 0.0601028220584664 0.110815908540902 0.161415085185096 0.211331531796089 0.261053991662725 0.309651526675024 0.357980865356641 0.404763243790069 0.451176300197754 0.495697503652617 0.539649154970252 0.581537663737013 0.622451929639459 0.661418302797346 0.698708628666673 0.734508369576502 0.767656425609236 0.799984326787365 0.828684463082315 0.85702407645854 0.88132358763458 0.904878808479797 0.92513075139279 0.943055677078276 0.959489525189408 0.971501431336009 0.983546626556512 0.990469244988799 0.996628239831553 0.999844159761227 0.999038494200058 0.998537888499697 0.992066799391819 0.985435936955066 0.976067781785301 0.961726500015675 0.94892060438316 0.930221769517085 0.909663367392219 0.889794609893462 0.86275603739727 0.83652464489619 0.809690604814865 0.77542130095188 0.743497901553114 0.710941227432092 0.670326269137498 0.632229248902793 0.59595506431501 0.550759531081527 0.504883605878214 0.465679289375969 0.421235127513282 0.367637300009736 0.318612279004866 0.278321865487827 0.233188388911547 0.174519234522873 0.111468076497613 0.0596339240037359 0.0265891046445744 0.00985506837927683 0.0028945818095501 0
3.17477560068092 -0.0331768577584291 0.0177834347256428 0.0687098605710907 0.119428530590318 0.169892483059085 0.219819820522173 0.269329107170464 0.317907322747574 0.365993023304408 0.41267010871114 0.458878159226004 0.503133676412567 0.547001595719742 0.588388182302903 0.629407208017023 0.667600288032746 0.705180799984941 0.740005097026921 0.773491334543674 0.804865655506413 0.833662521015237 0.861411499209524 0.885238623143907 0.908822999444416 0.927947594314313 0.94637415619608 0.961465787976495 0.973759376447855 0.985093435745712 0.991306804199068 0.997828772167174 0.999495566507621 0.999291281909751 0.997795737207067 0.990672638745792 0.984560956048336 0.973472640267879 0.95967100235481 0.946381714315278 0.926315222192971 0.906779770713464 0.885585800250603 0.857848995149644 0.832645492111073 0.804095425512865 0.769517229944382 0.738679555596166 0.704336040006935 0.663248465833003 0.626592120137386 0.588933923499406 0.542353755474298 0.498071155139005 0.459093913495806 0.412349770606491 0.358449674197395 0.311560695508692 0.271649137706462 0.224095737581354 0.163483560926795 0.101405640783442 0.0526661376194819 0.0227205067683936 0.00764540538324393 0
3.21710594202333 -0.0754415428659829 -0.0245593126503379 0.0264605097739585 0.0772662805851482 0.128083295737305 0.178297292300071 0.228364466846572 0.277494060207725 0.326251188509353 0.373840393079191 0.420712024427862 0.466350846161358 0.510753989685259 0.554070904113787 0.595446873035829 0.636069419005624 0.673952088093201 0.7114308209799 0.745541614858155 0.779269007758432 0.809578168923493 0.838794250529727 0.865430998834621 0.889439043570193 0.912358032390022 0.930958467057062 0.949500150525134 0.963310276099132 0.976185549981836 0.986198229903749 0.992464452701356 0.998662032881872 0.99915400848657 0.9996429818868 0.996606980362983 0.989621419882479 0.983347224183456 0.970774801657198 0.957866976703563 0.943333370574604 0.922620942150339 0.903902540680517 0.880920730083475 0.853292034901966 0.828611553927088 0.798116641292974 0.763999674985481 0.733693991091659 0.697324191844076 0.656538133618346 0.62095424674721 0.581408688283927 0.534122474956143 0.49159535798599 0.452126310451204 0.403123097386279 0.349612310608203 0.304838806355385 0.264664745485263 0.214488025882339 0.15237773908745 0.0917065376764477 0.0458431252086644 0.0175209778632523 0
3.25943628336575 -0.117571067640796 -0.066807153650523 -0.0159364864678705 0.035111786539853 0.0858581669213275 0.136673491298156 0.18675311525038 0.236823884073302 0.285703760071487 0.33451572010586 0.381695539935003 0.428715687557608 0.473757140159912 0.518414828434299 0.560966852801089 0.602648677088417 0.642444754895403 0.680533456377759 0.717327438357435 0.751314581261215 0.784739848126679 0.814397866403247 0.843810185164901 0.869303894361587 0.893789680261435 0.915502253360568 0.934270847085742 0.952216347189281 0.965303145305474 0.978505478268548 0.987052785917858 0.993892969349881 0.999014664245948 0.999058820034938 0.99981705197794 0.995172558689723 0.988877507735154 0.98164725189464 0.968230831123338 0.956089579733951 0.939837524835712 0.919278528049164 0.900787203767598 0.87597215450773 0.849117087253858 0.824217684525763 0.791948685970913 0.758869123859323 0.728353734220926 0.690072426075065 0.650241945113213 0.615124383453035 0.573456455846837 0.526206153651553 0.485326510650167 0.444687351175678 0.39369060284955 0.341201012943825 0.298334263236679 0.257261126405237 0.204342469020703 0.140960841528701 0.0810651053493583 0.0348468257618535 0
3.30176662470816 -0.159489953236992 -0.108981359968246 -0.0582109763167658 -0.00725094266146972 0.0436805933033955 0.094542229433051 0.14513565569039 0.195332271005317 0.245109485536395 0.294065252923781 0.342568919042806 0.389715693146496 0.436495583193067 0.481306338173548 0.525886598464663 0.567927212071605 0.609759732199935 0.648743038768652 0.687177200747255 0.722972591987257 0.757303008752415 0.789832007197301 0.819486449319471 0.848473514310186 0.873308461272105 0.898015383891209 0.91847380195999 0.93777105266644 0.954500432594979 0.967601850188407 0.98046360353167 0.987938551498831 0.995373008069671 0.998967203367746 0.999300509447082 0.999585199556637 0.993762719104195 0.988252698212244 0.979474253548811 0.966010297941762 0.954083327057657 0.936080724835505 0.916291789339734 0.897245139826848 0.870971570744541 0.845235433887113 0.819338598078029 0.785812934655567 0.754026612964776 0.722538152376128 0.682780453206909 0.644321861361407 0.608939906640106 0.565211211037657 0.518692588119362 0.479107296217333 0.436739184285721 0.384200723916114 0.333240953494314 0.291863594040381 0.249090201838422 0.192619593380913 0.125721324884532 0.0600163116156638 0
3.34409696605057 -0.201123098187791 -0.150974992279003 -0.100354652112248 -0.0496333285900435 0.00145480518194273 0.0522259656177367 0.1032444895827 0.153551369693535 0.20394860499883 0.253302941827767 0.302506360681595 0.350462634724423 0.397875784546651 0.444038860599328 0.489054583145849 0.53306221132646 0.575109419932762 0.61657384009813 0.655206829789332 0.693620113679049 0.728623612944582 0.763283377852819 0.794702379669852 0.824779145971579 0.852738935491938 0.877598042025381 0.901875823502829 0.921554529151554 0.941195276176931 0.956532909946962 0.970158787968482 0.981956204074491 0.989082471676422 0.996626337410535 0.998750433291443 0.999785324103874 0.998863454337266 0.992603698164346 0.987485771589816 0.97699117537761 0.964138367632445 0.95165077033491 0.932308378266783 0.91353324445234 0.893196756509713 0.866142338635636 0.841466407138386 0.813956483588445 0.779904946057909 0.749300042159389 0.716215040875691 0.675641497798652 0.638666062492777 0.602291872465042 0.556841038990324 0.51160774766202 0.47277260897509 0.428289360946932 0.374757261442206 0.325503126274562 0.284390065724872 0.237085703789125 0.171200610857495 0.0891096683207349 0
3.38642730739298 -0.242395912956568 -0.192642893631667 -0.142428673060444 -0.09176270141742 -0.040989620250857 0.0100803246617221 0.0608624560071894 0.111832792288932 0.162068368941909 0.212436532700327 0.261583564700359 0.310834947884875 0.358393727985284 0.405979978016838 0.451527218986674 0.49684498054838 0.540057120232386 0.582451618016951 0.623084913321932 0.661915683148426 0.699707120992955 0.734499381529256 0.76899248210112 0.79962455982026 0.830030665173374 0.856779722118977 0.882105560632247 0.90531182308311 0.924921980154863 0.944283259431797 0.958592762229352 0.972751858982768 0.983079980119816 0.990547100513172 0.997449060920992 0.998635742467335 1.00028229901711 0.997742292923025 0.991788647737771 0.986345439561544 0.974445317819899 0.962492614035131 0.948716242437721 0.928744380671759 0.910788145137013 0.888689841526426 0.861639425899274 0.83758785206549 0.808160648552376 0.774351246019702 0.744484289834051 0.709442985291491 0.668806936670503 0.633111777252316 0.595139542955871 0.548521424862229 0.504910161994639 0.466136411283484 0.419224362134794 0.364758091930768 0.315419382741205 0.268735464669005 0.20550165884892 0.113361749248719 0
3.4287576487354 -0.283234453570743 -0.233992674218411 -0.184191091648255 -0.133818193777349 -0.0832292792763461 -0.0322638401992949 0.0186102397271765 0.0696074029497684 0.12027958691264 0.170727828862356 0.220732746579108 0.270039761621141 0.318930619238142 0.366514657074511 0.413841567820126 0.459175364179814 0.504440839256216 0.54711457900669 0.589719676741285 0.629494357143679 0.668721899630831 0.705509034945848 0.74061938369124 0.774314105698657 0.804799888574348 0.834979715061083 0.860873287054244 0.886588647140278 0.908477016785104 0.928549067155973 0.946922991571183 0.960905038600662 0.975104068597112 0.984078035685161 0.992205485654605 0.997803366799959 0.998813396698309 1.00052627678046 0.996443605788281 0.991245946724457 0.984715998721515 0.972076554366773 0.960850670460367 0.945345826578319 0.925522477589187 0.90782154777704 0.88388094264404 0.857511295977003 0.833393660801242 0.802121813848598 0.76918445116404 0.739385410638358 0.702355866377255 0.662361034063016 0.627474413480368 0.587509127436721 0.540384464610217 0.498369943111832 0.458480820819759 0.40754987291484 0.34827988341185 0.288969681882785 0.219864270100138 0.122975734687893 0
3.47108799007781 -0.323565554099073 -0.274956321788735 -0.225559436580572 -0.175724685291409 -0.125209224592309 -0.0746710214619111 -0.0235570779261608 0.027157854088412 0.0783363373807032 0.128713335207757 0.179400539183241 0.228957524271032 0.27856611112825 0.326871978703726 0.374781134863473 0.421458622138581 0.467036868343123 0.511730193093445 0.554402115580482 0.596695634212865 0.636053369290366 0.675362098626252 0.711269834619674 0.746790235671272 0.779358073775472 0.81022319699352 0.839518089028739 0.865225744743897 0.890779218816145 0.911643565969015 0.932223854863121 0.949207885610383 0.96352408829173 0.977025072447762 0.985217100767289 0.993806449049786 0.997829296275819 0.999312688728889 1.00032948339468 0.995227486774598 0.990772559053596 0.982635520104536 0.970033618981064 0.958968516110626 0.941720781831486 0.922649340480169 0.90444699003693 0.878988100002304 0.853691943692444 0.828743566177722 0.796049319239397 0.764340483057097 0.733859442316731 0.695133759731389 0.656306195148993 0.621558538009975 0.579383567052823 0.532069502252097 0.490121007759739 0.444589669659118 0.381112647209197 0.302447499773997 0.215063037716535 0.1145956668142 0
3.51341833142022 -0.363316957735028 -0.315376673465708 -0.266625756541862 -0.21716164685388 -0.167173482960934 -0.116681076783992 -0.0659996200107853 -0.0149719530361494 0.0358402507259086 0.0869128110910083 0.137288745649917 0.187910880047663 0.237303032038787 0.286955662435325 0.334871139048814 0.382983661393283 0.429022509030084 0.474951513384688 0.518823544448371 0.561871908703452 0.603351036473907 0.64286927400817 0.681653115219876 0.717229789217123 0.752741784778952 0.784383587432738 0.815688538700904 0.84375649315023 0.869847022286937 0.894542131159664 0.91504414290674 0.935670556526826 0.951381798270723 0.966310173969698 0.978502773532556 0.986659715844338 0.995093567244697 0.997777257562956 0.999994829105536 0.999655352708334 0.994289325633136 0.990114777394027 0.980276598109264 0.968326639025164 0.956661155625327 0.938076602216691 0.920007725863229 0.900577152156976 0.874230112441637 0.850022484042707 0.823593889780766 0.790142446566214 0.759676147721106 0.727836210700388 0.687952156725241 0.650484842825393 0.614837899218482 0.569470047349594 0.519289872338988 0.469251150222148 0.403469164483495 0.309911034165213 0.20123766453673 0.0964703860806743 0
3.55574867276263 -0.40241744625138 -0.355237878603086 -0.307200140650453 -0.258237133840131 -0.208789932335387 -0.158560731503384 -0.10820335819944 -0.0572503792781991 -0.00647625089386608 0.0446317784396612 0.0953467723023036 0.146015836240852 0.196219621999434 0.245841117202039 0.295097058605938 0.343078351117204 0.390932383596849 0.436754004208311 0.482676836265233 0.525965777809448 0.569296148978125 0.609869888051662 0.649824202121917 0.687624729801544 0.723455969752345 0.758311629365422 0.789626219239199 0.820923281549914 0.847952312827207 0.874548442090753 0.897950239086046 0.918742910842106 0.938699514162949 0.953708231155245 0.969004788651749 0.979703985009441 0.988391574760929 0.995920313688393 0.99789641104605 1.00061607677207 0.998627933356725 0.993687456675543 0.989062944124312 0.977880983487856 0.96682899277013 0.953859560259473 0.934629209663919 0.9173954638121 0.896243973574624 0.869769456001088 0.846294340525056 0.818003460047036 0.784545364730757 0.754990106310742 0.72126510252999 0.680666776493651 0.643587083021251 0.603551217367542 0.548556306261914 0.483053468713538 0.406666652031734 0.306948596066603 0.190106578775781 0.0840680165020109 0
3.59807901410505 -0.440796967594082 -0.394507147364135 -0.347136306107126 -0.298978639970361 -0.249866985455123 -0.200351977257559 -0.149996268107226 -0.0996521704726203 -0.0485624391167317 0.00207964343109211 0.0533731180718914 0.103799859539437 0.154734567950805 0.204474425524317 0.254443769172979 0.303085261245876 0.351440370321099 0.398626307207869 0.444713360946416 0.490088223646254 0.533339831422344 0.576443244020624 0.616509681208109 0.656661323404887 0.69349723294435 0.729797163116209 0.763551809867003 0.79514612885631 0.825759002439401 0.852351412428373 0.87905665036401 0.901238573890626 0.922604348149336 0.941304830826078 0.956335702091678 0.971360717086562 0.980890246814247 0.990233348531032 0.996310880886896 0.998329515921031 1.00093012307999 0.997478077152633 0.99332618786245 0.987524976732772 0.97567424447823 0.965323952226353 0.950627882783549 0.931511450062461 0.914586193430262 0.891585312421881 0.865673042112897 0.842300306355437 0.812106624471433 0.779267854906257 0.749837066913288 0.71327574195152 0.670297200871771 0.627314152049943 0.570574733734605 0.489348392535473 0.393771052733685 0.292174638081703 0.186427344916829 0.0868201741591962 0
3.64040935544746 -0.478386761386849 -0.433030764980815 -0.386529746808849 -0.339062117710472 -0.290665819070074 -0.24156333639361 -0.191797187239415 -0.14153964915726 -0.0909574000994726 -0.0400231837033457 0.0108016210925217 0.0619342609745076 0.112425346867221 0.16326602545265 0.212874573367955 0.262894634227169 0.311141902260048 0.359740638385891 0.406258640730664 0.452746121223547 0.497281293927119 0.54092179874725 0.58325393178079 0.623410838599525 0.663168795992872 0.699527047857263 0.735987280666201 0.768692008858685 0.800792514467807 0.830232207605142 0.857043034851564 0.883171285229276 0.90467075562188 0.926370258688398 0.943662576077376 0.959226852333675 0.973260327234108 0.982293905882454 0.991925662879809 0.996444379436409 0.999057400764266 1.00078596973516 0.996451786091142 0.992996218258046 0.985554448122543 0.973790776473023 0.963577541263807 0.94713883425726 0.928737656440797 0.911392992582125 0.886803427337878 0.861892298495771 0.837843393654526 0.805896312040913 0.773490632007717 0.74145833232301 0.697004209436759 0.641588415930922 0.575702923540029 0.485744490836872 0.37672370250967 0.274537546785059 0.186983356427684 0.0983923625169748 0
3.68273969678987 -0.515119482121572 -0.470764585943478 -0.425256452520784 -0.378505031123512 -0.330977551212022 -0.282316921206857 -0.233259163180591 -0.183203153372848 -0.133109586111104 -0.0822014791986187 -0.0315575418262745 0.0196261405211961 0.070357262805823 0.121207743999223 0.171589225045881 0.221481195656609 0.271085864807808 0.319419750926955 0.367782867590667 0.414057383998354 0.460605645280105 0.504497883590765 0.548497786083899 0.589885172194417 0.630495359032398 0.669327275548271 0.70583233347644 0.741821116893208 0.773990689518603 0.806299701457625 0.834558601278662 0.86191122324851 0.886875138756766 0.908395761367359 0.929797506691166 0.946037093426809 0.962181651090714 0.974767066096642 0.984013645337454 0.993244759891274 0.996574613615758 0.999911983971044 1.00018342330379 0.995717914460824 0.992453552667851 0.983327038479962 0.972233083298858 0.961412573547313 0.94361786646175 0.926203388810085 0.907712009046804 0.882079023112949 0.858132271999866 0.83220844375006 0.797401742031584 0.761072776050247 0.716150234415784 0.648641041416888 0.564226426625377 0.468992031497279 0.364390646914426 0.266993082224924 0.186824216487571 0.103203903732197 0
3.72507003813228 -0.550929319813881 -0.507702943497346 -0.463125580925879 -0.417412646050456 -0.370507675371388 -0.322796580762425 -0.274032579357809 -0.224840751747704 -0.174699930671455 -0.124561989761853 -0.0735444072149621 -0.0229941403067129 0.0283715084167347 0.0788259623664541 0.129966229252024 0.179869586415254 0.230153284903226 0.27911902569286 0.327866449789697 0.37555746657731 0.422097963288422 0.468148231486395 0.511939616391531 0.555823420447338 0.596595332331775 0.637522516171244 0.675321277875651 0.712315864609213 0.747285045014712 0.779573567193726 0.81144904839731 0.839003513662322 0.866704456814037 0.890339266580301 0.912371757760041 0.932781786732882 0.948648000687376 0.964937212172532 0.976090960785611 0.985974653481903 0.994097011180793 0.996923224378956 1.00064767649743 0.999268120609259 0.995309146002634 0.991506227320566 0.981077238591532 0.970875751254393 0.958760345675818 0.940270974979962 0.92369455631198 0.903428854545174 0.877057430498322 0.852393474689294 0.820262846494765 0.774759666696121 0.719716763699764 0.644032888074182 0.545286817164497 0.445778544822058 0.357026538650308 0.271332381965456 0.184284387037919 0.0945073570775468 0
3.7674003794747 -0.585752117907666 -0.543709437172715 -0.500211430591004 -0.455498035656277 -0.409481762954423 -0.362549981404023 -0.314510895725007 -0.265823767051264 -0.216292261871753 -0.166315753761367 -0.11585361086721 -0.0650519987872479 -0.014242756804951 0.0369172309220149 0.0874900556504686 0.138520323545473 0.188311623083126 0.238667713108709 0.287221358540826 0.336263959956624 0.38325213851998 0.430240479335738 0.475445194252387 0.519615192451741 0.56280240688826 0.603559878744963 0.644255530023488 0.681413556663462 0.718730374613818 0.752562531463259 0.785359007256455 0.816196839487205 0.84372909583536 0.871177547511961 0.893826890170736 0.916392312632941 0.935406119440148 0.951565092490799 0.96729223532054 0.977489638737215 0.987966310324194 0.994554039117133 0.997591360418358 1.00103913239322 0.998272381349754 0.995114980813931 0.990078316523975 0.979018773949471 0.969506282857038 0.955658049700941 0.937132362914694 0.920567168632827 0.897160341893009 0.867428251683872 0.833900024542889 0.781866384208197 0.709045859597539 0.623517225187464 0.525821467355978 0.429984360804728 0.351771629848676 0.274737850624373 0.179862163033196 0.0825479933824641 0
3.80973072081711 -0.619525488217341 -0.578712097105814 -0.536458947149192 -0.492684744964756 -0.447824364004347 -0.40153960172128 -0.35454221431092 -0.306224360466588 -0.25757764534731 -0.207734543580731 -0.157928660344342 -0.10710459442343 -0.0566150896688489 -0.00539650537506985 0.0453294106205908 0.0963164628923281 0.146859534326928 0.196973136203019 0.246913532321636 0.295553383073109 0.344406425667668 0.391102443352017 0.438237060090041 0.482729073999733 0.527333528535588 0.569554599608937 0.6107496503015 0.650620777505161 0.687772104770739 0.724837118541731 0.757917961114597 0.791110092697444 0.82069592927503 0.848705568012497 0.875224137314593 0.897553056140971 0.920195072002558 0.937895111166847 0.954679285693129 0.969197253576559 0.979153150410675 0.989735904812783 0.994818159104723 0.998523579823368 1.00096616010562 0.997427482769387 0.994925020052178 0.988228899576986 0.977261574203875 0.96781877769531 0.951922449854999 0.9329863598321 0.912900303977491 0.879844583915069 0.834772804693571 0.774635023495858 0.689609338196951 0.594609098809525 0.507638151309428 0.426346865235054 0.347329921425139 0.265836584207421 0.173757957926612 0.0807738304899233 0
3.85206106215952 -0.652188922701904 -0.612721660879277 -0.571657294166805 -0.529122245490965 -0.48518447578101 -0.440037677722219 -0.393662720541713 -0.34639811667906 -0.298037802439349 -0.249179005462834 -0.19930140240572 -0.149387958851607 -0.0984845285287173 -0.048050067328724 0.00334888841739117 0.053806359519567 0.105111212232286 0.155159087919771 0.205708634614437 0.254989858594485 0.304072871180024 0.352266937918678 0.399206149336183 0.445920513226505 0.490220674199286 0.534841606883696 0.576330573666737 0.617951973842692 0.656754298846121 0.69436356128362 0.730553678306264 0.763535847579445 0.796575555626387 0.825205100072026 0.853731507579535 0.878929763221178 0.901575218919621 0.923593397898445 0.940503184624332 0.957758108627279 0.970772375299328 0.98112371461213 0.991095265320883 0.995136963330633 0.999534272961987 1.00045472994917 0.99687908261591 0.994492894888585 0.986068433155797 0.975528081617181 0.96461581333358 0.944612344130736 0.919694237523632 0.883972651590369 0.825253574574878 0.750236842056219 0.663292712261399 0.571239301968556 0.49337247047598 0.424278132778888 0.341180081954923 0.249633949264061 0.167029169249304 0.087421910702304 0
3.89439140350193 -0.683683901870561 -0.645629596600205 -0.605841215320779 -0.564592197266377 -0.521710641362996 -0.477688611778969 -0.432169579072766 -0.385816089538482 -0.338154123274884 -0.289920729931999 -0.240649422924285 -0.190988464437477 -0.140677446168746 -0.0900383540989633 -0.0392810375296632 0.0118807508530156 0.0624958705942229 0.113691075052336 0.163628891497288 0.214289614709445 0.263126152404712 0.312565876420462 0.360020146487209 0.407446718268983 0.453329077163138 0.497968291741019 0.542002845034009 0.583338669031924 0.62491355937505 0.662911126301466 0.700976663413556 0.736001290729691 0.769413202724939 0.801633491816965 0.829943233092623 0.858545636653063 0.882522691918127 0.90576809125495 0.926565147385157 0.943393904023741 0.960554804433701 0.972249559287637 0.983282162983958 0.991995635510331 0.995704172381211 1.0003807189223 0.999653593528142 0.996591896356885 0.99341582405337 0.982980850152999 0.971038378928099 0.952848380488573 0.91903630240019 0.872237840455904 0.804492781922008 0.717611551979766 0.633451880269828 0.557654919520366 0.485157754308183 0.412550120385444 0.329203046015736 0.23959875203768 0.162367967840654 0.0886797124866241 0
3.93672174484434 -0.713953999625668 -0.677341426298939 -0.639017639436764 -0.598936080552052 -0.557450147403855 -0.514306964541524 -0.470100857968262 -0.424331520128911 -0.377876293353933 -0.329946537233448 -0.28172867524684 -0.232140581131582 -0.182644069778347 -0.131945093673403 -0.0816319727235675 -0.0304219310506883 0.0202806514534691 0.0713557591561353 0.122047784618237 0.172331110361232 0.22259549081874 0.271495317038203 0.320815038313389 0.367907778343899 0.41558000191071 0.460677902029256 0.505813625702357 0.548890263968177 0.590605305181625 0.631505574816915 0.669302133474872 0.707354338288678 0.741428909306886 0.775364522103254 0.806356826989488 0.834971103827145 0.862965493808006 0.88625400162933 0.909889913566956 0.929258800776255 0.946566874262282 0.962918674856066 0.973869403686137 0.985402075119533 0.992541771595611 0.996579440745719 1.00081779707943 0.998612005790598 0.995756274154174 0.989393798854578 0.973151615008717 0.950308843313617 0.909420806099892 0.846054787033183 0.770532516037552 0.686863499218392 0.609379358830604 0.546346622603319 0.476866840621206 0.393414411139945 0.312909995082635 0.238098376518855 0.160150281053474 0.0795969224722196 0
3.97905208618676 -0.742944984355183 -0.707872919723888 -0.670981612835016 -0.63231127474614 -0.592046539559863 -0.550192149066281 -0.506953873672485 -0.462373848108977 -0.416581383777397 -0.369773619012085 -0.321862788548781 -0.273355868466772 -0.223781274536944 -0.174117982870065 -0.123364242834366 -0.0730746408450676 -0.021677612610907 0.0287562062988456 0.0801847707219988 0.130359538206334 0.181123606625916 0.230714386831489 0.280073835029472 0.328768546242408 0.376055246836037 0.42341360170524 0.468204120037823 0.513502676062603 0.555735049561359 0.597959190190265 0.637803939466656 0.675963750786623 0.713348767284097 0.747065359769342 0.78113013888316 0.81096899435602 0.840162339948935 0.866979539421118 0.89027143277013 0.913702219062928 0.931919339921675 0.949862316783728 0.964858048391813 0.975778391611691 0.987239698992746 0.99291658968977 0.997537049118265 1.00018380871424 0.995677893020435 0.988992064215924 0.970711992486137 0.935322302289915 0.884300770598032 0.811486768901052 0.730952904928414 0.660381561614252 0.595274919214277 0.53059137514179 0.458938074999075 0.376312140216326 0.300543640170657 0.234434567049698 0.156135573324884 0.0711738492083358 0
